         1       752         1      1418         1
     1             0             0
     2            20            22
     3             0            22
     4            20             0
     5             2            22
     6             3            22
     7             4            22
     8             5            22
     9             6            22
    10             7            22
    11             8            22
    12             9            22
    13            10            22
    14            11            22
    15            12            22
    16            13            22
    17            14            22
    18            15            22
    19            16            22
    20            17            22
    21            18            22
    22            19            22
    23             1            22
    24             0             1
    25             0             2
    26             0             3
    27             0             4
    28             0             5
    29             0             6
    30             0             7
    31             0             8
    32             0             9
    33             0            10
    34             0            11
    35             0            12
    36             0            13
    37             0            14
    38             0            15
    39             0            16
    40             0            17
    41             0            18
    42             0            19
    43             0            20
    44             0            21
    45            20            21
    46            20            20
    47            20            19
    48            20            18
    49            20            17
    50            20            16
    51            20            15
    52            20            14
    53            20            13
    54            20            12
    55            20            11
    56            20            10
    57            20             9
    58            20             8
    59            20             7
    60            20             6
    61            20             5
    62            20             4
    63            20             3
    64            20             2
    65            20             1
    66            19             0
    67            18             0
    68            17             0
    69            16             0
    70            15             0
    71            14             0
    72            13             0
    73            12             0
    74            11             0
    75            10             0
    76             9             0
    77             8             0
    78             7             0
    79             6             0
    80             5             0
    81             4             0
    82             3             0
    83             2             0
    84             1             0
    85      0.907816       1.51646
    86       1.48857       2.11672
    87       1.76318       2.78937
    88       2.02982       3.58815
    89       1.15882       4.51562
    90       3.07548       4.55825
    91         3.873        5.6846
    92       4.57802       7.81774
    93       5.84864       10.3434
    94       7.11782       12.2035
    95       4.04884       14.4405
    96       4.04396       17.8131
    97       2.88473       18.7477
    98       1.97033        18.662
    99       1.64261       19.5266
   100       1.39473       20.2233
   101      0.820112       20.6628
   102      0.593707       21.4153
   103       1.26997       21.3988
   104       2.54783        21.143
   105       2.92661       20.2828
   106       3.67016       20.1577
   107       4.49966       19.9297
   108        5.8924       19.4438
   109       7.39381       19.2356
   110       12.5248       19.1643
   111       14.9354        19.673
   112       16.3774       19.3845
   113       16.6611       20.1679
   114       17.5303       20.6054
   115        18.032       21.1435
   116       18.6687       21.2815
   117       19.4027       21.4064
   118       19.2697       20.6786
   119       19.1221       20.0517
   120       19.3505       19.4895
   121       18.1179       18.9615
   122       18.3176        18.066
   123       16.9496       17.4202
   124       16.4563       16.2866
   125        15.523       14.1987
   126       14.1057       11.6743
   127       12.8082       9.87229
   128       15.5524        7.4371
   129       17.7233        5.3925
   130       16.1492        5.0789
   131       16.8846       3.95947
   132       18.2003       3.40658
   133       18.3354        2.5076
   134       18.5645       1.80249
   135       19.1593       1.34507
   136       19.3984      0.589212
   137       18.7118      0.613224
   138       17.3844      0.886429
   139       16.7447       1.77577
   140        15.862       1.66344
   141       14.7318       2.04867
   142        12.734       2.62427
   143       7.34371       3.00256
   144       5.01647       2.73246
   145       4.93479       1.79445
   146       3.54017       3.06883
   147       3.60635       1.47182
   148       2.83304       1.51973
   149       1.49259      0.759618
   150      0.670549      0.658663
   151       10.1201       5.91331
   152       9.82543       16.2595
   153       1.17023       7.01764
   154       2.21258       8.17568
   155        1.4104       9.38104
   156       3.63564       11.8855
   157       1.34474       12.8172
   158       1.93008       14.3538
   159       2.17881       15.3062
   160       1.64521       16.6964
   161        1.2529       18.3042
   162      0.597769       18.5429
   163      0.517521       19.2952
   164       3.74037       21.4334
   165       4.46263       21.3634
   166       5.59801       20.7886
   167       6.43076       21.1397
   168       7.16175       20.6788
   169       8.32751       20.3898
   170       9.02912       20.7268
   171       10.4415       20.1346
   172        12.453       20.6051
   173       13.7598       19.6743
   174       14.3458        20.741
   175       16.0422       19.5776
   176       16.4397       21.1864
   177       17.5079       21.3904
   178       19.2751       18.2866
   179       19.1119        17.468
   180       18.7914       16.1447
   181       18.8961       14.9234
   182       17.8447        13.766
   183       18.5958        12.579
   184       16.2649       10.0288
   185       18.6472       9.10942
   186        18.642       7.59832
   187        18.753       6.28043
   188       19.0368       4.95601
   189       17.6265       4.40286
   190       19.2048       3.52603
   191       19.4514       2.71395
   192       16.2892      0.552636
   193       15.4915      0.869425
   194       14.5466      0.919917
   195       13.5586       1.19261
   196       12.7278       1.30502
   197       11.6824        1.7773
   198       11.0817       1.34165
   199       9.66722       1.80638
   200       7.34227       1.48235
   201       5.87708       2.66859
   202       5.01899        0.9623
   203       3.72293      0.679672
   204       7.63514       7.83432
   205       10.9665       18.5319
   206       1.95347       1.55423
   207      0.858941       2.50779
   208       2.60664       2.12743
   209       1.34139        3.1706
   210       1.83838       4.39236
   211       1.22729       3.80265
   212       3.38184       2.28687
   213       1.32792       5.73504
   214       4.24076       2.07426
   215       2.47898       5.05227
   216       6.07574       3.98336
   217        2.5963       6.61684
   218       7.65222       4.82479
   219       3.05664       9.69563
   220       10.5195       8.81012
   221       1.38217       11.0321
   222       11.3092       11.3994
   223       5.77954       12.7375
   224       5.16027       16.8724
   225       2.41046       13.6285
   226       3.22669       16.4783
   227       4.79795       18.3762
   228        3.9336       19.4781
   229       2.57936       17.9196
   230        3.2628       19.4749
   231      0.735474       17.7354
   232       1.91757       20.1231
   233       1.16649       19.0212
   234       1.75213       20.9057
   235      0.898419       19.8041
   236       2.32361        20.408
   237        3.3101       20.9804
   238       2.42911       19.5626
   239       4.08972       20.7363
   240       3.81934        18.712
   241       4.84019       20.6648
   242       6.34904       18.1595
   243       6.66362       20.3682
   244       7.69506       17.5883
   245       9.04056       19.1705
   246       14.1418        16.587
   247       11.2944       19.9584
   248       15.4425       18.4015
   249       13.1711       20.6257
   250       16.2282       17.1716
   251       16.9033       18.4539
   252       15.3949       20.8661
   253       17.3933       17.9232
   254       15.9563       20.5951
   255       18.5632       19.5983
   256       17.0061       21.0577
   257       18.3919       20.4308
   258       18.9447       18.8779
   259       17.6511       19.7491
   260       17.8229       16.6496
   261       17.5873       17.3016
   262       13.8708        18.412
   263       17.5732       15.2749
   264       12.3487       17.3566
   265       16.9401       12.2585
   266       9.45173       13.2931
   267       18.5949        10.915
   268        8.6623        10.679
   269       14.0709       9.31766
   270       12.3825       4.43012
   271         17.52       8.22394
   272       14.0789       3.42354
   273       17.4355       6.87874
   274       19.3065       5.67313
   275       15.3688       2.77776
   276        16.963       5.24764
   277       16.5562       2.74503
   278       18.5975       4.22528
   279       18.0008       1.94885
   280       18.8392        2.8924
   281       18.1921       1.13069
   282       19.0879       2.18597
   283       17.5343       1.67467
   284       16.7588      0.878855
   285       17.4655       2.60321
   286       15.5275       3.89365
   287       14.1923       1.68741
   288       14.5053       5.15571
   289       16.2904       5.90758
   290       10.9716       3.05423
   291       5.62034       5.61158
   292       8.43035       2.13866
   293       4.45328       4.17958
   294       6.47339       1.47204
   295       5.47222       2.15973
   296       3.25819       3.51029
   297       4.15589       2.79412
   298        2.6837       2.93948
   299         4.322       1.26942
   300       2.11411        2.3128
   301       3.10275      0.865145
   302       9.12307       3.50721
   303       12.7487       7.32175
   304        7.0356       14.8114
   305       12.3757       14.2907
   306      0.513668       3.60033
   307       0.51288       4.55123
   308       0.50937       6.70059
   309       2.99382       7.52759
   310       1.57547       8.64459
   311      0.634595       9.45099
   312      0.604145       10.6751
   313       4.43888       13.0171
   314      0.591282       12.5816
   315       1.45568        15.099
   316       1.53234       15.8642
   317      0.959137       17.0877
   318       1.68118       17.6374
   319       5.64603       21.4532
   320       7.12024       19.9829
   321       7.68649       20.1134
   322       9.35984       21.4242
   323       10.6117        21.176
   324       12.8501        21.207
   325       13.7604       20.3336
   326       14.4193       21.4355
   327       15.7498       19.9168
   328       19.4632       16.3287
   329       19.5237       15.2716
   330       17.1233       14.4038
   331        18.452       13.3102
   332       19.3671       12.5283
   333       19.3867       11.3027
   334       15.3417       8.94355
   335       19.4057       9.39575
   336       18.2809        6.9136
   337       19.3786       4.34407
   338       14.8521       1.40518
   339       13.4837      0.481907
   340       12.9837        1.8309
   341        12.316       1.86854
   342       10.6996      0.603048
   343        9.3943      0.855892
   344       6.98503      0.854019
   345       6.02826       2.03398
   346       4.42772      0.567356
   347       2.38546      0.769472
   348       7.39752       9.63247
   349       11.9297       18.3069
   350       1.65619       5.10962
   351       5.21815       3.71256
   352       1.70356       6.46824
   353       7.03364       3.97768
   354       4.59278       9.30678
   355        9.4563       7.56213
   356       1.00713       11.9487
   357       11.5438       9.94179
   358       5.65396        13.778
   359       6.69046       17.3984
   360       1.78074       13.4973
   361       3.06393       15.5591
   362       5.70119       18.6235
   363       4.44595       19.1281
   364       7.17646       18.2958
   365       6.61509       19.6652
   366       6.56619       16.4196
   367       8.62828       17.5625
   368        14.126       15.0236
   369       11.7706       20.6218
   370       15.3338       17.4364
   371       13.8384       21.1018
   372       15.5624       16.5183
   373       16.7021       17.7951
   374        15.864       21.2478
   375        18.292       17.2727
   376       14.7263       18.7981
   377       18.4171       15.4297
   378       12.9241       18.2519
   379       15.4134       12.6954
   380       10.5085       14.5669
   381       18.9737       10.0049
   382       8.44461       12.1256
   383       14.0217       8.35749
   384       11.7825       6.00997
   385       18.2492       8.30963
   386        13.051       3.56173
   387       17.1237       6.09496
   388       14.7393       2.75226
   389       16.7781        4.6052
   390       16.2974       3.55147
   391       13.6256       4.40865
   392       15.4349       5.57207
   393       11.3233       4.67853
   394       5.99188       7.16017
   395       8.09751       1.46914
   396        3.8161       3.68688
   397       5.74637      0.748881
   398       5.62071       1.49966
   399        2.8269       3.81426
   400       8.05303       3.82631
   401       14.2113       6.76281
   402        5.4096       15.3763
   403       12.5845       12.4458
   404       0.68234       4.09157
   405      0.871259       5.09637
   406      0.591376       5.61239
   407       1.99173       7.30309
   408      0.569592       7.37213
   409       1.18028        7.8942
   410      0.780079       8.69426
   411       2.26837       9.12763
   412       1.02969       10.1251
   413       1.97205       11.9401
   414        4.2775       10.6398
   415       2.23085       12.8656
   416      0.602192       13.2695
   417      0.861252        14.595
   418       3.03831       14.1067
   419      0.754809       15.4872
   420         2.684       14.8135
   421      0.796891       16.3581
   422       2.46408       17.0417
   423       5.10068       21.2641
   424       5.33019       20.0422
   425        7.8101       20.9769
   426       7.28207       21.3851
   427       8.36523       21.1366
   428         8.722       21.4702
   429       8.84979       19.9461
   430       9.85556       20.9034
   431       10.8447       19.3611
   432       11.4531       21.3138
   433       12.2578       21.3171
   434       12.0472       19.8961
   435       13.1924       19.7949
   436       14.1743        19.245
   437       14.3183       20.0086
   438       14.9045       21.1754
   439       15.8875       19.0256
   440       19.2015       16.7622
   441       18.0564       16.0254
   442       19.1843       15.6783
   443       18.1023       14.6208
   444        19.458       14.6023
   445       18.8599       14.0617
   446       19.2327       13.2789
   447       17.7507       12.8225
   448       18.9641       11.8409
   449       17.9778       9.96594
   450       15.6716       11.3293
   451       17.7018       8.97971
   452       19.4222       8.72251
   453       19.0899       6.96071
   454       19.3818       7.55986
   455       19.4467        6.3941
   456       17.9576       6.18877
   457       18.5091       5.57194
   458       16.2202       1.16787
   459       14.1526      0.520957
   460        13.507       2.10918
   461       12.7625      0.661016
   462       11.9872       1.04964
   463       11.3839      0.598636
   464        11.191       2.17909
   465       10.2108        1.1027
   466       9.07301       2.47878
   467       8.51468      0.759611
   468       7.66098      0.737286
   469       7.76435       2.21219
   470       6.57191       2.43361
   471       5.71836       3.26983
   472       6.03341       8.68994
   473       8.48171       6.27471
   474       10.0411         19.05
   475        10.223       17.9781
   476      0.770286       3.19752
   477       2.44148       4.28421
   478       2.14289       5.81293
   479      0.882893       6.25783
   480       3.25392       5.20759
   481       6.47179       3.23974
   482       5.42336       4.61188
   483       2.99565       5.85264
   484       3.61021       6.60259
   485       8.79998       4.62728
   486       7.03718       6.23312
   487       2.03379       10.1377
   488       3.13867       8.61802
   489       12.0852       8.64035
   490       8.95083       9.12417
   491      0.602065       11.3572
   492       2.86339       10.6201
   493       12.7677       10.7432
   494       9.84757       11.7951
   495       5.26422       11.8551
   496       6.28653       11.8557
   497       4.76612       17.5236
   498       3.93116       15.9287
   499       1.07491       13.7781
   500       3.02505       13.2005
   501       4.17038       16.8518
   502       2.36271       16.1588
   503       5.11354       19.2487
   504        3.3096        17.345
   505       3.32822       18.1093
   506        6.5355       18.9009
   507       5.63276       17.7037
   508         6.083       20.2519
   509       8.09339       16.1456
   510       8.20863       18.5137
   511       9.57092       19.9724
   512       8.23905       19.5175
   513       15.7104       15.6714
   514        13.565       17.4135
   515       11.0918       20.6373
   516       11.6156       19.1763
   517       16.2675       18.7254
   518       15.4311        19.216
   519       13.3892       21.4088
   520       12.6776       19.9992
   521       16.1166       17.9856
   522       17.6507       18.4645
   523       15.4342       21.4954
   524       14.8681       20.4449
   525        15.373       20.2786
   526       17.4397       18.9991
   527       16.8947       19.2751
   528       17.1931       16.6293
   529       18.5478       16.7293
   530       16.8695       16.9474
   531       13.3824       19.0543
   532       14.5568       17.9451
   533       17.2653       16.0009
   534       16.6252       15.3196
   535       11.1954       17.5169
   536       12.9683       15.9399
   537       17.9545       11.8093
   538       16.9075       13.3379
   539       7.92694       13.4551
   540       11.0285       12.9763
   541        19.387       10.6188
   542       17.1019       11.3165
   543       7.17125       11.3022
   544       10.1283       10.2891
   545       14.6175       10.1354
   546       13.5734       10.0902
   547       12.0787       3.36436
   548       13.1776       5.81128
   549       19.0589       8.23296
   550       16.8002       8.54137
   551       14.1186       2.50089
   552       14.6502       4.18358
   553       17.8624       7.58457
   554       17.0563        7.6327
   555       15.3272       2.20932
   556       15.7953       3.12937
   557       15.9826         2.365
   558       18.2839       4.89581
   559       16.9404       3.25458
   560       17.4579       3.52547
   561        15.268       1.61641
   562       16.1505       4.30552
   563       14.9974       3.38949
   564       13.4875       2.86581
   565       15.3774       4.71009
   566       15.6025       6.46945
   567       16.4745       6.87471
   568       10.4993       2.05619
   569       11.8292       2.52598
   570       4.67585       6.21625
   571       6.47471       4.86077
   572       8.88153       1.57333
   573       8.30005        2.9068
   574       4.61696       3.37724
   575       4.67172       5.19568
   576       6.43936      0.614378
   577       7.08963       2.12844
   578        3.5679       4.12213
   579       3.85344       4.82887
   580       4.12591       3.43841
   581       9.91244       2.74886
   582       9.76882       4.28542
   583       13.1005       9.00924
   584        11.088       7.37293
   585       6.45152       13.3605
   586       8.82134       14.7581
   587       13.9914       13.3863
   588       11.5028       15.8743
   589        5.0201       12.5844
   590       14.8158       9.41367
   591       8.32927       9.80104
   592       5.49816       9.43679
   593       10.3493        7.9076
   594       10.7273       9.68237
   595       6.46353       14.1143
   596       5.96008       16.9312
   597       13.1583       15.0771
   598       14.4716       17.2407
   599       14.8677       16.7172
   600       14.4971       12.5956
   601       9.60149       14.2159
   602       9.25327       12.4027
   603        13.246       8.08011
   604       11.8096       5.20561
   605       13.0468       5.03723
   606       6.88313        7.0764
   607       13.9709       5.95636
   608       5.70661       16.1855
   609       11.6483        12.286
   610       3.55184       10.3731
   611        2.8872        12.341
   612       16.4151       11.5811
   613       17.0109        9.5154
   614       5.07642       8.61773
   615       7.73288       5.83289
   616       4.36979       7.00442
   617       8.36176       5.41693
   618       7.72668       6.77593
   619       11.3757       9.12242
   620       9.24313       10.0302
   621       13.5306       10.9908
   622        10.116       12.6942
   623       4.80953       16.0845
   624       8.13986       16.9285
   625       15.8368       14.9564
   626       11.6293       16.7398
   627       12.2783       15.3708
   628       8.61837       12.9645
   629       10.7326       12.0585
   630       6.39754       11.0152
   631        9.8599       9.40168
   632       13.6901       5.25647
   633        14.779       6.10508
   634       12.6255       8.17739
   635       11.2201       8.26769
   636       7.18136       13.8682
   637       8.73276       13.8461
   638       14.9628       13.4189
   639       12.2657       16.3349
   640       3.83891        7.3847
   641       4.68967       13.7808
   642       3.69449        12.705
   643       16.3074       14.5731
   644       14.9965       8.21575
   645       16.1424       9.17923
   646       6.83813       10.3807
   647        7.0209       8.73397
   648       4.02583       9.88298
   649       4.15026       8.59173
   650       8.68503       8.18007
   651       9.33713       6.59974
   652       12.2012       9.42645
   653       11.8433       10.7434
   654       5.05609       14.5462
   655       5.13837       13.1976
   656        3.3319       14.8094
   657       6.33736       15.5331
   658       7.38449       16.7138
   659       8.88179       16.6354
   660       9.27738       18.2688
   661       14.5198       14.2022
   662       14.7498       15.8791
   663       15.9575       12.0919
   664       15.8968       13.4003
   665       11.2996       13.9375
   666       10.6259       15.5469
   667       7.84416        12.627
   668       8.12144       11.3238
   669       14.5675       7.53942
   670       14.6304        8.8301
   671       12.5631       6.37336
   672       11.0018        6.4507
   673       11.0515       5.54661
   674       10.6821       4.05616
   675       5.55877        7.8905
   676       5.51588       6.47487
   677       14.9525       6.87063
   678       13.6945       7.45189
   679       4.52359       15.2547
   680        5.9951       14.6964
   681       13.1226       11.6672
   682       12.9874        13.363
   683        2.8491       11.4994
   684       4.90758       10.0902
   685       4.39237       11.4432
   686       17.0862         10.41
   687       15.0614       11.9079
   688       15.5194        10.516
   689       6.54346       7.90624
   690        6.4408       9.53719
   691       9.13595       5.65661
   692       8.54515       7.22158
   693       9.52266       17.2951
   694       9.64277       5.09023
   695       6.25032       6.38051
   696       7.08506       5.45788
   697       3.72363       8.00103
   698       3.76712       9.21431
   699       11.9291       7.76681
   700       7.99728         8.867
   701       9.62855       8.49371
   702       3.59336       11.0898
   703       2.20106       11.0458
   704       12.2194       11.5515
   705       12.2322       10.1582
   706       8.98498       11.5349
   707       10.4258        11.169
   708       4.40596        12.232
   709       5.08121       10.9277
   710       5.76722       11.2049
   711       3.78836       15.2042
   712       3.81436       13.5621
   713       7.23578       15.7941
   714       8.90602       15.7034
   715       15.0545         14.99
   716       13.4823       16.5152
   717       10.3248       17.1049
   718       13.7867       15.8087
   719       12.9187       16.7484
   720       16.3643        13.969
   721       16.2479       12.7605
   722       7.94533       14.3444
   723       7.18802       13.0335
   724       11.9941       13.2355
   725       10.3428       13.6189
   726       16.3451       10.8492
   727       17.7616       10.8817
   728       7.74647       10.5177
   729       7.73331       11.9032
   730       10.9906        10.542
   731       9.54894       10.9137
   732       15.4583       9.71925
   733       14.8475       11.0604
   734       14.1379       10.7828
   735        11.502       3.90581
   736       13.3853       6.62704
   737       12.4553        5.4677
   738        15.867       8.34155
   739        16.345       7.75796
   740        5.1149       7.10137
   741       6.46506       5.69442
   742       10.0915       3.51747
   743        10.435       4.93828
   744       10.2197       6.95748
   745       11.8541       6.88934
   746        6.5501       12.6278
   747       9.71899       15.1862
   748       8.00019       15.2508
   749       13.5059       14.2199
   750       13.5469       12.5226
   751       10.8351       16.5013
   752       11.4405       14.9132
Edges

       e            i            j            k
       1           24           85           25
       2           26          306           27
       3          404           89          307
       4           29          308           30
       5          407          217          309
       6          411          155          310
       7           32          311           33
       8          412          221          312
       9          708          495          589
      10           35          314           36
      11          159          315          158
      12          502          160          316
      13          318          231          317
      14           98          161          318
      15          163           42          162
      16          235           43          163
      17          101          235          100
      18           44          101          102
      19            3          102           23
      20          103            5           23
      21            6          104          237
      22            6          164            7
      23            7          165            8
      24            8          319            9
      25          167          508          243
      26          243          320          168
      27          425          168          321
      28           12          322           13
      29           13          323           14
      30          249          324          172
      31          437          174          325
      32           17          326           18
      33          113          254          327
      34          256           20          176
      35           21          115          116
      36          117           45            2
      37          118           46           45
      38          120           47           46
      39          258          122          178
      40          178          122          179
      41           49          328           50
      42           50          329           51
      43          443          263          330
      44          447          183          331
      45           53          332           54
      46          448          267          333
      47          732          545          590
      48           56          335           57
      49          553          273          336
      50          274          455          187
      51          278          337          188
      52          189          131          560
      53          191           63          190
      54          282           64          191
      55          135          282          134
      56           65          135          136
      57            4          136           66
      58          137           67           66
      59           68          138          284
      60           68          192           69
      61           69          193           70
      62          193          338          194
      63           71          339           72
      64          195          340          196
      65          462          196          341
      66           74          342           75
      67           75          343           76
      68          294          344          200
      69          295          345          201
      70          299          346          202
      71          301           82          203
      72          148          206          347
      73           84          149          150
      74          700          490          591
      75          535          264          349
      76          150           24            1
      77           24          150           85
      78          149          206           85
      79           85          207           25
      80          149          347          206
      81           87          207           86
      82          206          148          208
      83           88          209           87
      84          210          211           88
      85          208          148          212
      86          144          214          145
      87          478          213          350
      88          351          471          216
      89          407          153          352
      90          571          216          353
      91          614          472          592
      92          593          701          355
      93          413          157          356
      94          730          544          594
      95          585          595          358
      96          658          244          359
      97          158          360          225
      98          361          498          226
      99          362          503          227
     100          240          227          363
     101          318          161          231
     102          105          230          106
     103          162           41          231
     104          238          236          232
     105          163          162          233
     106          234          236          104
     107          101           43          235
     108          234            5          103
     109           44           43          101
     110            3           44          102
     111           23          102          103
     112          102          101          103
     113          234          104            5
     114          103          101          234
     115          238          105          236
     116            6            5          104
     117          237          104          105
     118          165          164          239
     119          230           97          240
     120          241          423          165
     121          359          244          364
     122          506          109          365
     123          359          596          366
     124          510          244          367
     125          718          536          597
     126          434          172          369
     127          532          598          370
     128          325          174          371
     129          370          599          372
     130          521          250          373
     131          254          176          374
     132          373          123          253
     133          254          374          252
     134          255          259          121
     135          177           20          256
     136          118          257          119
     137           21          177          115
     138          118          117          116
     139           22           21          116
     140           22          116          117
     141           22          117            2
     142          118           45          117
     143          257          118          116
     144          119           46          118
     145          255          258          120
     146          120           46          119
     147          255          119          257
     148          258          121          122
     149          257          114          259
     150          255          121          258
     151          529          179          375
     152          375          122          261
     153          532          248          376
     154          443          181          377
     155          514          262          378
     156          638          587          600
     157          601          725          380
     158          449          185          381
     159          706          494          602
     160          583          603          383
     161          604          737          384
     162          553          186          385
     163          391          270          386
     164          567          289          387
     165          187          457          274
     166          563          272          388
     167          562          131          389
     168          557          140          139
     169          190          337          278
     170          285          283          279
     171          191          190          280
     172          281          283          138
     173          135           64          282
     174          281           67          137
     175           65           64          135
     176            4           65          136
     177           66          136          137
     178          136          135          137
     179          281          138           67
     180          137          135          281
     181          285          139          283
     182           68           67          138
     183          279          133          285
     184          284          138          139
     185          556          277          390
     186          338          141          287
     187          632          548          605
     188          633          288          392
     189          735          547          270
     190          695          486          606
     191          469          200          395
     192          578          296          396
     193          398          202          397
     194          145          202          398
     195          477           88          399
     196          214          144          297
     197          212          146          298
     198          203          346          299
     199          298           87          300
     200          347           83           82
     201          206           86           85
     202           85          150          149
     203           84           83          149
     204            1           84          150
     205          485          218          400
     206          736          548          607
     207          657          366          608
     208          724          540          609
     209          476           26          207
     210           25          207           26
     211          404          307           27
     212          406           28          405
     213           28          406           29
     214          407          352          217
     215          409           31          408
     216          410           31          409
     217          310          155          410
     218          411          487          155
     219          412          311          155
     220          415          157          413
     221          702          492          610
     222          611          500          415
     223          499           37          416
     224           37          417           38
     225          418          420          158
     226           38          419           39
     227          420          361          159
     228           39          421           40
     229          422          502          226
     230           98          318          229
     231          229           97           98
     232           41          162           42
     233          161          233          162
     234           42          163           43
     235          233          235          163
     236          237          239          164
     237          165            7          164
     238          239          241          165
     239          241          166          423
     240          424          508          166
     241          167          319          166
     242            9          167           10
     243          425          426          168
     244           10          426           11
     245          170          427          169
     246          427          170          428
     247          169          429          170
     248          511          171          430
     249          431          474          205
     250          515          369          432
     251           15          433           16
     252          434          520          172
     253          435          531          173
     254          531          262          436
     255          437          524          174
     256          524          252          438
     257          518          248          439
     258          113          175          112
     259           19          176           20
     260          176          254          113
     261          177          256          114
     262          115          177          114
     263          178          179           48
     264           47          178           48
     265          529          180          440
     266           48          179           49
     267          441          529          260
     268          377          181          442
     269          443          377          263
     270          445           52          444
     271          446           52          445
     272          331          183          446
     273          447          537          183
     274          448          332          183
     275          451          185          449
     276          726          542          612
     277          613          550          451
     278          549           58          452
     279          336          187          453
     280           58          454           59
     281           59          455           60
     282          336          273          456
     283          337           62           61
     284          274          457          188
     285          189          558          129
     286          389          131          189
     287           62          190           63
     288          190          278          132
     289           63          191           64
     290          280          282          191
     291          458          193          192
     292          193           69          192
     293          193          194           70
     294          195          459          194
     295          459           71           70
     296          460          340          195
     297          461          339          195
     298          462          461          196
     299          462           73          461
     300          198          462          197
     301          197          464          198
     302          568          199          465
     303          466          581          302
     304          572          395          467
     305           77          468           78
     306          469          577          200
     307          470          481          201
     308          481          216          471
     309           80          397          202
     310          145          398          295
     311           81          203           82
     312          203          299          147
     313          614          675          472
     314          618          486          615
     315          431          171          474
     316          475          535          205
     317          148          347          301
     318          206          300           86
     319           85           86          207
     320          212          298          208
     321          298          300          208
     322          476          207          209
     323          207           87          209
     324          477          399           90
     325          210          350           89
     326          209           88          211
     327          210           89          211
     328          147          212          148
     329          212          297          146
     330          478          350          215
     331          352          153          479
     332          212          147          214
     333          214          299          145
     334          477           90          215
     335          579           91          480
     336          481          353          216
     337          482          571          291
     338          478          215          483
     339          570          616          484
     340          485          617          218
     341          618          606          486
     342          411          219          487
     343          411          154          488
     344          619          635          489
     345          620          591          490
     346           34          491           35
     347          487          219          492
     348          621          681          493
     349          622          602          494
     350          495          496          223
     351          543           94          496
     352          507          227          497
     353          623          501          498
     354          360          158          499
     355          611          642          500
     356          623          224          501
     357          422          160          502
     358          503          424          107
     359          227          240           96
     360          106          228          107
     361          230          240          228
     362          422          226          504
     363          240           97          505
     364          230          238           97
     365          228          106          230
     366           40          231           41
     367          161          162          231
     368          234          100          232
     369           99          232          100
     370          161           98          233
     371           99          233           98
     372          234          101          100
     373          233           99          235
     374          100          235           99
     375          104          236          105
     376          234          232          236
     377          237          105          106
     378          164            6          237
     379          230          105          238
     380          232           99          238
     381           98           97          238
     382           98          238           99
     383          237          106          239
     384          107          239          106
     385          240          505           96
     386          240          363          228
     387          239          107          241
     388          107          424          241
     389          506          365          108
     390          362          227          507
     391          168          167          243
     392          167          166          508
     393          624          658          509
     394          510          364          244
     395          474          171          511
     396          429          169          512
     397          513          534          124
     398          514          532          262
     399          247          515          171
     400          431          205          516
     401          521          251          517
     402          518          376          248
     403           16          519           17
     404          520          435          249
     405          250          530          123
     406          521          373          251
     407          522          526          251
     408           18          523           19
     409          524          525          252
     410          253          261          122
     411          122          522          253
     412          525          327          254
     413          113          327          175
     414          255          120          119
     415          257          259          255
     416          256          176          113
     417          114          256          113
     418           20          177           21
     419          257          116          115
     420          114          257          115
     421          258          178           47
     422          120          258           47
     423          113          259          114
     424          527          251          526
     425          113          112          527
     426          113          527          259
     427          528          533          260
     428          441          180          529
     429          253          123          261
     430          250          124          530
     431          531          378          262
     432          514          598          532
     433          441          260          533
     434          513          625          534
     435          535          626          264
     436          627          597          536
     437          447          265          537
     438          447          182          538
     439          628          637          539
     440          622          494          629
     441           55          541           56
     442          537          265          542
     443          630          646          543
     444          620          490          631
     445          545          546          269
     446          493          127          546
     447          547          386          270
     448          632          607          548
     449          385          186          549
     450          613          645          550
     451          460          287          551
     452          552          563          286
     453          553          336          186
     454          554          567          273
     455          274          188           61
     456           60          274           61
     457          555          561          140
     458          556          557          277
     459          276          189          129
     460          289          130          276
     461          556          275          557
     462          189          132          278
     463          281          134          279
     464          133          279          134
     465          280          190          132
     466          133          280          132
     467          281          135          134
     468          280          133          282
     469          134          282          133
     470          138          283          139
     471          281          279          283
     472          192           68          284
     473          132          285          133
     474          277          139          285
     475          560          131          559
     476          458          140          193
     477          555          141          561
     478          562          389          130
     479          552          272          563
     480          460          551          564
     481          195          194          287
     482          552          286          565
     483          633          392          566
     484          276          129          387
     485          567          566          289
     486          581          199          568
     487          464          197          569
     488          570          484           91
     489          482          216          571
     490          466          292          572
     491          466          302          573
     492          580          297          574
     493          482          291          575
     494           78          576           79
     495          577          470          294
     496          579           90          578
     497          579          480           90
     498          295          201          144
     499          145          295          144
     500          296          298          146
     501          297          580          146
     502          212          214          297
     503          399           88          298
     504           87          298           88
     505          299          202          145
     506          214          147          299
     507           86          300           87
     508          206          208          300
     509          301          203          147
     510          148          301          147
     511          466          199          581
     512          582          485          302
     513          634          603          583
     514          699          489          635
     515          636          595          585
     516          722          539          637
     517          638          661          587
     518          627          536          639
     519          306          476          211
     520          404           27          306
     521          307          405           28
     522           27          307           28
     523          308          479          153
     524          408           30          308
     525          484          640          309
     526          309          488          154
     527          410          409          310
     528          310          409          154
     529          311          410          155
     530          412           33          311
     531          491           34          312
     532           33          312           34
     533          655          358          641
     534          642          708          313
     535          314          356          157
     536          416           36          314
     537          419          417          315
     538          315          417          158
     539          421          419          316
     540          315          159          316
     541           40          317          231
     542          317          421          160
     543          318          317          160
     544          422          229          318
     545          319          423          166
     546          167            9          319
     547          365          109          320
     548          320          321          168
     549          320          109          321
     550          321          512          169
     551          322          428          170
     552          430           13          322
     553          323          430          171
     554          432           14          323
     555          519           16          324
     556          324          433          172
     557          325          371          249
     558          435          173          325
     559          326          371          174
     560          438           18          326
     561          525          111          327
     562          327          518          175
     563          328          440          180
     564          442           50          328
     565          329          442          181
     566          444           51          329
     567          534          643          330
     568          330          538          182
     569          446          445          331
     570          331          445          182
     571          332          446          183
     572          448           54          332
     573          541           55          333
     574           54          333           55
     575          670          383          644
     576          645          732          334
     577          335          381          185
     578          452           57          335
     579          336          456          187
     580          336          453          186
     581          337           61          188
     582          189          560          132
     583          561          141          338
     584          338          287          194
     585          339          459          195
     586          461           72          339
     587          460          142          340
     588          340          341          196
     589          340          142          341
     590          341          569          197
     591          342          463          198
     592          465           75          342
     593          343          465          199
     594          467           76          343
     595          576           78          344
     596          344          468          200
     597          345          398          294
     598          470          201          345
     599          203           81          346
     600           80          346           81
     601          202          346           80
     602          347           82          301
     603          728          543          646
     604          647          700          348
     605          378          110          349
     606          349          516          205
     607          149           83          347
     608          405           89          350
     609          351          482          293
     610          574          144          351
     611          352          479          213
     612          352          478          217
     613          481          143          353
     614          353          400          218
     615          648          698          354
     616          698          488          649
     617          650          692          355
     618          692          473          651
     619          314           35          356
     620          356          491          221
     621          619          489          652
     622          653          730          357
     623          680          402          654
     624          358          655          223
     625          359          364          242
     626          507          596          359
     627          360          499          157
     628          415          225          360
     629          361          502          159
     630          420          656          361
     631          362          507          242
     632          506          108          362
     633          503          107          363
     634          228          363          107
     635          510          109          364
     636          364          506          242
     637          365          320          243
     638          508          108          365
     639          657          713          366
     640          713          509          658
     641          624          509          659
     642          749          587          661
     643          662          718          368
     644          433          432          369
     645          515          247          369
     646          370          372          250
     647          521          248          370
     648          326           17          371
     649          371          519          249
     650          513          124          372
     651          250          372          124
     652          123          373          250
     653          373          253          251
     654           19          374          176
     655          374          523          252
     656          122          375          179
     657          375          261          260
     658          518          111          376
     659          376          436          262
     660          377          442          180
     661          377          441          263
     662          531          110          378
     663          378          349          264
     664          663          721          379
     665          721          538          664
     666          665          752          380
     667          752          588          666
     668          335           56          381
     669          381          541          267
     670          628          539          667
     671          668          706          382
     672          678          401          669
     673          383          670          269
     674          671          745          384
     675          745          584          672
     676          385          549          185
     677          451          271          385
     678          547          142          386
     679          386          564          272
     680          387          456          273
     681          551          141          388
     682          388          555          275
     683          389          189          276
     684          130          389          276
     685          190           62          337
     686          559          131          390
     687          390          562          286
     688          391          386          272
     689          552          288          391
     690          565          130          392
     691          289          392          130
     692          604          384          673
     693          674          735          393
     694          689          472          675
     695          676          695          394
     696          468          467          395
     697          572          292          395
     698          146          396          296
     699          396          580          293
     700           80           79          397
     701          397          576          294
     702          398          397          294
     703          345          295          398
     704          399          298          296
     705          578           90          399
     706          353          143          400
     707          400          573          302
     708          633          566          677
     709          678          736          401
     710          623          498          679
     711          680          657          402
     712          704          493          681
     713          682          724          403
     714          404          306          211
     715           89          404          211
     716          307           89          405
     717          405          350          213
     718          406          405          213
     719          479           29          406
     720          407          309          154
     721          409          153          407
     722           30          408           31
     723          408          308          153
     724          409          408          153
     725          409          407          154
     726          311           32          410
     727           31          410           32
     728          411          310          154
     729          411          488          219
     730          487          221          412
     731          412          312           33
     732          413          356          221
     733          703          492          683
     734          648          354          684
     735          685          702          414
     736          415          500          225
     737          415          360          157
     738           36          416           37
     739          416          314          157
     740          417          499          158
     741          419           38          417
     742          225          418          158
     743          712           95          418
     744          315          316          419
     745          421           39          419
     746          158          420          159
     747          418          656          420
     748          421          316          160
     749          317           40          421
     750          422          504          229
     751          422          318          160
     752          319            8          423
     753          165          423            8
     754          241          424          166
     755          503          108          424
     756          167          168          426
     757          167          426           10
     758          425          321          169
     759          427           11          425
     760          425           11          426
     761          427          428           11
     762          427          425          169
     763          322           12          428
     764           11          428           12
     765          429          512          245
     766          429          511          170
     767          323           13          430
     768          430          322          170
     769          431          516          247
     770          171          431          247
     771          433           15          432
     772           14          432           15
     773          433          369          172
     774          324           16          433
     775          434          369          247
     776          516          110          434
     777          435          325          249
     778          520          110          435
     779          376          111          436
     780          436          437          173
     781          437          325          173
     782          436          111          437
     783          523           18          438
     784          438          326          174
     785          517          112          439
     786          175          439          112
     787          328           49          440
     788          179          440           49
     789          441          533          263
     790          377          180          441
     791          329           50          442
     792          442          328          180
     793          443          330          182
     794          445          181          443
     795           51          444           52
     796          444          329          181
     797          445          444          181
     798          445          443          182
     799          332           53          446
     800           52          446           53
     801          447          331          182
     802          447          538          265
     803          537          267          448
     804          448          333           54
     805          449          381          267
     806          727          542          686
     807          663          379          687
     808          688          726          450
     809          451          550          271
     810          451          385          185
     811           57          452           58
     812          452          335          185
     813          455           59          453
     814          453          454          186
     815          454          549          186
     816          453           59          454
     817          455          453          187
     818          274           60          455
     819          387          129          456
     820          456          457          187
     821          456          129          457
     822          457          558          188
     823          278          558          189
     824          284          458          192
     825          339           71          459
     826          459           70          194
     827          287          460          195
     828          564          142          460
     829          196          461          195
     830           73           72          461
     831          462          341          197
     832          463           73          462
     833          198          463          462
     834          342           74          463
     835           73          463           74
     836          464          569          290
     837          464          568          198
     838          343           75          465
     839          465          342          198
     840          466          573          292
     841          466          572          199
     842          468           77          467
     843           76          467           77
     844          468          395          200
     845          344           78          468
     846          469          395          292
     847          573          143          469
     848          470          345          294
     849          577          143          470
     850          351          144          471
     851          201          471          144
     852          689          647          472
     853          647          348          690
     854          617          485          691
     855          692          618          473
     856          474          511          245
     857          475          205          474
     858          474          660          475
     859          660          367          693
     860          211          476          209
     861          306           26          476
     862          477          215          210
     863           88          477          210
     864          215          350          210
     865          478          483          217
     866          352          213          478
     867          308           29          479
     868          479          406          213
     869          480          483          215
     870           90          480          215
     871          481          471          201
     872          470          143          481
     873          482          575          293
     874          351          216          482
     875          480           91          483
     876          483          484          217
     877          484          309          217
     878          483           91          484
     879          485          400          302
     880          582          694          485
     881          695          741          486
     882          741          571          696
     883          487          703          221
     884          487          412          155
     885          309          697          488
     886          488          698          219
     887          699          634          489
     888          583          652          489
     889          700          650          490
     890          650          355          701
     891          491          312          221
     892          356           35          491
     893          702          683          492
     894          704          653          493
     895          653          357          705
     896          706          731          494
     897          731          544          707
     898          708          685          495
     899          685          414          709
     900          496          746          223
     901          495          710          496
     902           96          497          227
     903          497          501          224
     904          498          501          226
     905          361          711          498
     906          417           37          499
     907          499          416          157
     908          642          313          712
     909          500          418          225
     910          497           96          501
     911          501          504          226
     912          502          316          159
     913          361          226          502
     914          503          363          227
     915          362          108          503
     916          501           96          504
     917          504          505          229
     918          229          505           97
     919          504           96          505
     920          506          362          242
     921          364          109          506
     922          507          497          224
     923          507          359          242
     924          424          108          508
     925          508          365          243
     926          713          748          509
     927          748          586          714
     928          510          660          245
     929          512          109          510
     930          511          430          170
     931          429          245          511
     932          321          109          512
     933          512          510          245
     934          372          662          513
     935          662          368          715
     936          514          378          264
     937          719          536          716
     938          432          323          515
     939          515          323          171
     940          349          110          516
     941          516          434          247
     942          527          112          517
     943          517          439          248
     944          518          439          175
     945          327          111          518
     946          519          324          249
     947          371           17          519
     948          172          520          249
     949          434          110          520
     950          521          517          248
     951          521          370          250
     952          253          522          251
     953          122          121          522
     954          523          438          252
     955          374           19          523
     956          524          438          174
     957          437          111          524
     958          252          525          254
     959          524          111          525
     960          522          121          526
     961          259          526          121
     962          527          517          251
     963          527          526          259
     964          261          528          260
     965          530          124          528
     966          529          440          179
     967          529          375          260
     968          530          528          261
     969          123          530          261
     970          531          436          173
     971          435          110          531
     972          532          370          248
     973          532          376          262
     974          528          124          533
     975          533          534          263
     976          534          330          263
     977          533          124          534
     978          535          349          205
     979          475          717          535
     980          718          716          536
     981          719          639          536
     982          537          727          267
     983          537          448          183
     984          330          720          538
     985          538          721          265
     986          722          636          539
     987          636          585          723
     988          724          665          540
     989          665          380          725
     990          541          333          267
     991          381           56          541
     992          726          686          542
     993          728          668          543
     994          668          382          729
     995          730          707          544
     996          731          620          544
     997          732          688          545
     998          688          450          733
     999          546          583          269
    1000          545          734          546
    1001          547          735          290
    1002          569          142          547
    1003          736          671          548
    1004          671          384          737
    1005          454           58          549
    1006          549          452          185
    1007          645          334          738
    1008          550          554          271
    1009          141          551          287
    1010          551          388          272
    1011          552          565          288
    1012          552          391          272
    1013          553          385          271
    1014          554          273          553
    1015          554          553          271
    1016          550          739          554
    1017          555          557          275
    1018          388          141          555
    1019          556          390          286
    1020          563          275          556
    1021          555          140          557
    1022          557          139          277
    1023          188          558          278
    1024          457          129          558
    1025          139          458          284
    1026          140          458          139
    1027          559          390          277
    1028          285          559          277
    1029          560          559          285
    1030          132          560          285
    1031          561          338          193
    1032          140          561          193
    1033          562          565          286
    1034          390          131          562
    1035          563          388          275
    1036          563          556          286
    1037          564          551          272
    1038          386          142          564
    1039          562          130          565
    1040          565          392          288
    1041          566          392          289
    1042          567          128          566
    1043          276          387          289
    1044          567          387          273
    1045          739          128          567
    1046          568          465          198
    1047          464          290          568
    1048          341          142          569
    1049          569          547          290
    1050          570          575          291
    1051          676          394          740
    1052          571          353          218
    1053          571          741          291
    1054          467          343          572
    1055          572          343          199
    1056          400          143          573
    1057          573          469          292
    1058          144          574          297
    1059          574          351          293
    1060          570           91          575
    1061          575          579          293
    1062          576          344          294
    1063          397           79          576
    1064          200          577          294
    1065          469          143          577
    1066          578          399          296
    1067          578          396          293
    1068          579          578          293
    1069          575           91          579
    1070          580          574          293
    1071          396          146          580
    1072          581          568          290
    1073          742          674          582
    1074          674          393          743
    1075          583          383          269
    1076          593          355          744
    1077          745          699          584
    1078          585          358          223
    1079          601          380          747
    1080          748          722          586
    1081          749          682          587
    1082          682          403          750
    1083          626          535          751
    1084          752          627          588
    1085          223          589          495
    1086          589          655          313
    1087          269          590          545
    1088          590          670          334
    1089          620          268          591
    1090          591          728          348
    1091          690           93          592
    1092          592          684          354
    1093          593          744          584
    1094          635          220          593
    1095          631          220          594
    1096          594          619          357
    1097          636          304          595
    1098          595          680          358
    1099          507          224          596
    1100          596          608          366
    1101          627          305          597
    1102          597          749          368
    1103          514          246          598
    1104          598          599          370
    1105          598          246          599
    1106          599          662          372
    1107          750          126          600
    1108          600          687          379
    1109          601          747          586
    1110          637          266          601
    1111          622          266          602
    1112          602          628          382
    1113          634          303          603
    1114          603          678          383
    1115          604          673          393
    1116          270          604          393
    1117          737          270          605
    1118          391          605          270
    1119          618          204          606
    1120          606          689          394
    1121          632          288          607
    1122          607          633          401
    1123          596          224          608
    1124          608          623          402
    1125          629          222          609
    1126          609          704          403
    1127          219          610          492
    1128          610          648          414
    1129          413          611          415
    1130          683          156          611
    1131          265          612          542
    1132          612          663          450
    1133          449          613          451
    1134          686          184          613
    1135          614          592          354
    1136          649           92          614
    1137          696          218          615
    1138          615          617          473
    1139          740           92          616
    1140          616          640          484
    1141          617          691          473
    1142          615          218          617
    1143          618          615          473
    1144          692          204          618
    1145          619          652          357
    1146          594          220          619
    1147          620          631          544
    1148          731          268          620
    1149          546          621          493
    1150          734          126          621
    1151          622          629          540
    1152          725          266          622
    1153          623          679          402
    1154          608          224          623
    1155          624          659          367
    1156          244          624          367
    1157          715          125          625
    1158          625          643          534
    1159          626          751          588
    1160          639          264          626
    1161          627          639          588
    1162          752          305          627
    1163          628          667          382
    1164          602          266          628
    1165          707          222          629
    1166          629          609          540
    1167          496          630          543
    1168          710           93          630
    1169          701          220          631
    1170          631          594          544
    1171          632          605          391
    1172          288          632          391
    1173          633          677          401
    1174          607          288          633
    1175          489          634          583
    1176          699          303          634
    1177          619          220          635
    1178          635          593          584
    1179          636          723          539
    1180          722          304          636
    1181          628          266          637
    1182          637          601          586
    1183          638          600          379
    1184          664          125          638
    1185          719          264          639
    1186          639          626          588
    1187          616           92          640
    1188          640          697          309
    1189          654           95          641
    1190          641          712          313
    1191          642          712          500
    1192          611          156          642
    1193          625          125          643
    1194          643          720          330
    1195          669          128          644
    1196          644          738          334
    1197          645          738          550
    1198          613          184          645
    1199          630           93          646
    1200          646          690          348
    1201          647          690          472
    1202          689          204          647
    1203          648          684          414
    1204          610          219          648
    1205          697           92          649
    1206          649          614          354
    1207          650          701          490
    1208          700          204          650
    1209          691          151          651
    1210          651          744          355
    1211          583          127          652
    1212          652          705          357
    1213          653          705          493
    1214          704          222          653
    1215          679           95          654
    1216          654          641          358
    1217          655          641          313
    1218          589          223          655
    1219          418           95          656
    1220          656          711          361
    1221          657          608          402
    1222          680          304          657
    1223          624          244          658
    1224          658          359          366
    1225          714          152          659
    1226          659          693          367
    1227          660          693          475
    1228          474          245          660
    1229          638          125          661
    1230          661          715          368
    1231          662          715          513
    1232          599          246          662
    1233          663          687          450
    1234          612          265          663
    1235          720          125          664
    1236          664          638          379
    1237          665          725          540
    1238          724          305          665
    1239          751          152          666
    1240          666          747          380
    1241          723           94          667
    1242          667          729          382
    1243          668          729          543
    1244          728          268          668
    1245          677          128          669
    1246          669          644          383
    1247          670          644          334
    1248          590          269          670
    1249          671          737          548
    1250          736          303          671
    1251          744          151          672
    1252          672          673          384
    1253          672          151          673
    1254          673          743          393
    1255          674          743          582
    1256          742          290          674
    1257          614           92          675
    1258          675          740          394
    1259          676          740          570
    1260          291          676          570
    1261          128          677          566
    1262          677          669          401
    1263          678          669          383
    1264          603          303          678
    1265          711           95          679
    1266          679          654          402
    1267          680          654          358
    1268          595          304          680
    1269          621          126          681
    1270          681          750          403
    1271          682          750          587
    1272          749          305          682
    1273          702          156          683
    1274          683          611          413
    1275          592           93          684
    1276          684          709          414
    1277          685          709          495
    1278          708          156          685
    1279          726          184          686
    1280          686          613          449
    1281          600          126          687
    1282          687          733          450
    1283          688          733          545
    1284          732          184          688
    1285          689          675          394
    1286          606          204          689
    1287          646           93          690
    1288          690          592          472
    1289          694          151          691
    1290          691          651          473
    1291          692          651          355
    1292          650          204          692
    1293          659          152          693
    1294          693          717          475
    1295          743          151          694
    1296          694          691          485
    1297          695          606          394
    1298          676          291          695
    1299          218          696          571
    1300          696          615          486
    1301          492          703          487
    1302          640           92          697
    1303          697          649          488
    1304          698          649          354
    1305          648          219          698
    1306          699          635          584
    1307          745          303          699
    1308          700          591          348
    1309          647          204          700
    1310          593          220          701
    1311          701          631          490
    1312          702          610          414
    1313          685          156          702
    1314          703          683          413
    1315          221          703          413
    1316          704          681          403
    1317          609          222          704
    1318          652          127          705
    1319          493          705          127
    1320          706          602          382
    1321          668          268          706
    1322          730          222          707
    1323          707          629          494
    1324          708          589          313
    1325          642          156          708
    1326          684           93          709
    1327          709          710          495
    1328          223          746          585
    1329          709           93          710
    1330          710          630          496
    1331          656           95          711
    1332          711          679          498
    1333          641           95          712
    1334          712          418          500
    1335          713          658          366
    1336          657          304          713
    1337          747          152          714
    1338          714          659          509
    1339          367          660          510
    1340          661          125          715
    1341          715          625          513
    1342          718          246          716
    1343          514          716          246
    1344          693          152          717
    1345          717          751          535
    1346          718          597          368
    1347          662          246          718
    1348          719          716          514
    1349          264          719          514
    1350          542          727          537
    1351          643          125          720
    1352          720          664          538
    1353          721          664          379
    1354          663          265          721
    1355          722          637          586
    1356          748          304          722
    1357          746           94          723
    1358          723          667          539
    1359          724          609          403
    1360          682          305          724
    1361          601          266          725
    1362          725          622          540
    1363          726          612          450
    1364          688          184          726
    1365          727          686          449
    1366          267          727          449
    1367          728          646          348
    1368          591          268          728
    1369          667           94          729
    1370          543          729           94
    1371          730          594          357
    1372          653          222          730
    1373          731          707          494
    1374          706          268          731
    1375          732          590          334
    1376          645          184          732
    1377          687          126          733
    1378          733          734          545
    1379          733          126          734
    1380          734          621          546
    1381          735          270          393
    1382          674          290          735
    1383          736          607          401
    1384          678          303          736
    1385          604          270          737
    1386          737          605          548
    1387          644          128          738
    1388          738          739          550
    1389          738          128          739
    1390          739          567          554
    1391          675           92          740
    1392          740          616          570
    1393          741          696          486
    1394          695          291          741
    1395          302          742          582
    1396          581          742          302
    1397          290          742          581
    1398          673          151          743
    1399          743          694          582
    1400          127          583          546
    1401          651          151          744
    1402          744          672          584
    1403          745          672          384
    1404          671          303          745
    1405           94          746          496
    1406          746          723          585
    1407          666          152          747
    1408          747          714          586
    1409          748          714          509
    1410          713          304          748
    1411          749          661          368
    1412          597          305          749
    1413          681          126          750
    1414          750          600          587
    1415          717          152          751
    1416          751          666          588
    1417          752          666          380
    1418          665          305          752
*** End of File *************************************************************************************************************
